arm.dae
Mesh Bounding Box Size 146.622696 63.919300 61.439400
Mesh Bounding Box Diag 171.343781
Mesh Bounding Box min -23.395700 -27.357300 -46.113201
Mesh Bounding Box max 123.226997 36.562000 15.326200
Mesh Surface Area is 55364.910156
Mesh Total Len of 8607 Edges is 51171.195312 Avg Len 5.945300
Mesh Total Len of 8607 Edges is 51171.195312 Avg Len 5.945300 (including faux edges))
Thin shell (faces) barycenter: 42.884235 1.580906 -2.229437
Vertices barycenter 53.126736 4.891807 -6.577395
Mesh Volume is 138865.796875
Center of Mass is 38.812729 2.871484 -1.364660
Inertia Tensor is :
| 49070568.000000 9752394.000000 12304891.000000 |
| 9752394.000000 190919040.000000 -1117611.125000 |
| 12304891.000000 -1117611.125000 209032992.000000 |
Principal axes are :
| 0.994754 -0.068217 -0.076229 |
| -0.069541 -0.997469 -0.014847 |
| -0.075023 0.020070 -0.996980 |
axis momenta are :
| 47458848.000000 191582336.000000 209981424.000000 |


foot_tip.dae
Mesh Bounding Box Size 39.379799 28.000200 19.983906
Mesh Bounding Box Diag 52.288967
Mesh Bounding Box min -19.689899 -14.000100 -0.000006
Mesh Bounding Box max 19.689899 14.000100 19.983900
Mesh Surface Area is 4560.350098
Mesh Total Len of 3000 Edges is 8493.798828 Avg Len 2.831266
Mesh Total Len of 3000 Edges is 8493.798828 Avg Len 2.831266 (including faux edges))
Thin shell (faces) barycenter: -0.004139 -0.002158 8.306681
Vertices barycenter -0.238519 0.231336 10.294822
Mesh Volume is 8300.988281
Center of Mass is -0.000794 -0.003299 9.205322
Inertia Tensor is :
| 749784.125000 -77.641106 15.568130 |
| -77.641106 1052158.250000 10.363214 |
| 15.568130 10.363214 1394038.375000 |
Principal axes are :
| -1.000000 -0.000257 0.000024 |
| -0.000257 1.000000 -0.000030 |
| 0.000024 0.000030 1.000000 |
axis momenta are :
| 749784.125000 1052158.375000 1394038.375000 |


shoulder.dae
Mesh Bounding Box Size 53.403400 56.526299 41.953899
Mesh Bounding Box Diag 88.358788
Mesh Bounding Box min -26.782400 -18.258200 -26.984900
Mesh Bounding Box max 26.621000 38.268101 14.969000
Mesh Surface Area is 25786.425781
Mesh Total Len of 6000 Edges is 29827.925781 Avg Len 4.971321
Mesh Total Len of 6000 Edges is 29827.925781 Avg Len 4.971321 (including faux edges))
Thin shell (faces) barycenter: -1.473527 9.358319 -6.530603
Vertices barycenter 2.055876 8.088635 -9.342658
Mesh Volume is 2744.534424
Center of Mass is 66.083069 1.108010 94.122978
Inertia Tensor is :
| -35725416.000000 -1705266.500000 16834546.000000 |
| -1705266.500000 -42819112.000000 -2115080.000000 |
| 16834546.000000 -2115080.000000 -19389670.000000 |
Principal axes are :
| 0.847164 0.097652 -0.522282 |
| 0.041379 -0.992106 -0.118378 |
| 0.529719 -0.078674 0.844517 |
axis momenta are :
| -46300584.000000 -43000356.000000 -8633257.000000 |

wrist.dae
Mesh Bounding Box Size 29.994400 53.908997 148.969589
Mesh Bounding Box Diag 161.238281
Mesh Bounding Box min -14.995100 -26.913799 -130.912994
Mesh Bounding Box max 14.999300 26.995199 18.056601
Mesh Surface Area is 33248.878906
Mesh Total Len of 7362 Edges is 38534.796875 Avg Len 5.234283
Mesh Total Len of 7362 Edges is 38534.796875 Avg Len 5.234283 (including faux edges))
Thin shell (faces) barycenter: -1.124277 2.313295 -35.155048
Vertices barycenter 0.029401 -0.376276 -29.756830
Mesh Volume is -85016.289062
Center of Mass is -0.817578 1.406645 -32.058815
Inertia Tensor is :
| -138570016.000000 210149.281250 4248598.000000 |
| 210149.281250 -136070768.000000 2348672.500000 |
| 4248598.000000 2348672.500000 -14629192.000000 |
Principal axes are :
| 0.998212 -0.049682 -0.033236 |
| -0.049000 -0.998578 0.021020 |
| 0.034233 0.019354 0.999226 |
axis momenta are :
| -138721904.000000 -136109872.000000 -14438147.000000 |

chassis.dae
Mesh Bounding Box Size 357.696259 114.764000 74.504715
Mesh Bounding Box Diag 382.973022
Mesh Bounding Box min -172.319077 -57.382000 -35.762531
Mesh Bounding Box max 185.377182 57.382000 38.742188
Mesh Surface Area is 387132.906250
Mesh Total Len of 68157 Edges is 377955.062500 Avg Len 5.545360
Mesh Total Len of 68157 Edges is 377955.062500 Avg Len 5.545360 (including faux edges))
Thin shell (faces) barycenter: 3.906429 0.023610 1.181068
Vertices barycenter 8.787143 0.339829 2.303544
Mesh Volume is 647513.750000
Center of Mass is 4.577356 -0.125885 -2.727930
Inertia Tensor is :
| 911920512.000000 4060740.500000 -51353172.000000 |
| 4060740.500000 5287404544.000000 -915866.937500 |
| -51353172.000000 -915866.937500 5550740992.000000 |
Principal axes are :
| -0.999938 0.000926 -0.011068 |
| -0.000885 -0.999993 -0.003651 |
| -0.011071 -0.003641 0.999932 |
axis momenta are :
| 911348352.000000 5287404544.000000 5551312896.000000 |
